time,x,y,z,phi,theta,psi,x_velocity,y_velocity,z_velocity,phi_velocity,theta_velocity,psi_velocity,rotor_speed1,rotor_speed2,rotor_speed3,rotor_speed4
0.06,-3.4584790212e-07,-8.97396180944e-08,10.0047715001,6.28303232695,0.000297184964239,0.0,-2.96354530035e-05,-1.08407222015e-05,0.159040418632,-0.00821126595197,0.0133700730347,0.0,454.58946390944124,455.6592975717698,455.69884772248594,455.04217008724515
0.12000000000000001,-1.15770831087e-05,-5.76583109293e-06,10.0180595484,6.28273742714,0.00082995355617,0.0,-0.000417381850194,-0.000219233353759,0.283870974988,0.000974650362736,-0.0020949759003,0.0,444.9063313570194,443.63844506426295,444.8476831140043,445.59919843890503
0.18,-5.5098887025e-05,-2.87880362033e-05,10.0403834205,6.28295092586,0.000660881865313,0.0,-0.001016646094,-0.000532236931926,0.46020306612,0.00828108197613,-0.00430441521335,0.0,460.74634595962726,460.57172010053887,460.236165010731,460.8139323625862
0.23999999999999996,-0.000131861979082,-6.43853222611e-05,10.0762179202,6.28305078114,0.000125237922864,0.0,-0.00149405470963,-0.000609488125931,0.734144757799,-0.0168216685697,-0.0203077212431,0.0,489.55944691631447,488.3675323226161,490.4644160567531,488.5967705951679
0.3,-0.000219127514564,-0.000107534810973,10.1258122197,6.28264561199,6.28202653432,0.0,-0.00127159457882,-0.000903840723207,0.918868003511,0.00817730176872,-0.0236796291263,0.0,463.32977609663016,463.0646554553505,462.97242494550335,464.9349919521777
0.36000000000000004,-0.000263597044506,-0.000171734456315,10.1856492554,6.28271114935,6.28056560868,0.0,-5.18923367229e-05,-0.00119837263872,1.07556503905,-0.0194301097788,-0.0257216032001,0.0,455.67820501702624,455.51489556610835,456.3080251029453,454.0990845839433
0.4200000000000001,-0.000225575165535,-0.000253522816957,10.2468515248,6.28154749109,6.2795819996,0.0,0.00140576669018,-0.00161041224594,0.964611755636,-0.0193227957751,-0.00230712532327,0.0,363.91145566887246,366.24738761685586,365.12821851891124,365.1388744818653
0.48000000000000015,-6.91483004074e-05,-0.000386809715612,10.3069616533,6.28058512011,6.27956327354,0.0,0.00381567818887,-0.00293586729889,1.0389939483,-0.0101712211011,0.00340623685877,0.0,429.96082085345984,430.4445408759964,428.7111850606711,429.48805136848586
0.5400000000000001,0.000224431402747,-0.000612098439067,10.3697246489,6.27972866107,6.27996383063,0.0,0.00594264020067,-0.00463775892921,1.05309283155,-0.0240958974021,0.0125229433173,0.0,410.2231343182941,411.0316914669114,409.69682020723457,408.4570885361937
0.6000000000000002,0.000655966828608,-0.000980625985778,10.4395570058,6.27849991831,6.28038147042,0.0,0.00836705870746,-0.00780508818392,1.27443173734,-0.0140816415137,-0.00750821494574,0.0,474.97202841904124,473.4334090184819,475.32485673254604,476.0916305645913
0.6600000000000003,0.00121066335902,-0.0015372078176,10.5166188171,6.27778690014,6.27997313681,0.0,0.0101614325523,-0.0108174498297,1.2942724519,-0.0078149676471,-0.00543599717718,0.0,413.83593085233036,414.01837823062203,410.47503392275394,411.03083293568403
0.7200000000000003,0.0018931557593,-0.00230757978755,10.5988385712,6.27776182793,6.27936586906,0.0,0.0126364923199,-0.0148843840944,1.44620574584,0.0113244881961,-0.0216940673675,0.0,454.63746165460776,453.33318918591357,454.7239651305204,456.2544654747388
0.7800000000000004,0.00275068039808,-0.00332991452037,10.6924330185,6.27791845593,6.27812620178,0.0,0.0160998308752,-0.0191264206443,1.67330464484,-0.0271620157947,-0.0186715359339,0.0,477.09544519356706,477.32618675994104,479.33437271336646,476.40092118242706
0.8400000000000004,0.00382823729549,-0.00459533374489,10.7964005965,6.27662123311,6.27651755732,0.0,0.019950583895,-0.023204648016,1.79210082603,-0.0123631953927,-0.0527801532464,0.0,447.8712710920964,445.08830008305137,444.03626475875683,445.2485078614442
0.9000000000000005,0.00520642673612,-0.00615558025332,10.9113833302,6.27614838761,6.27399167853,0.0,0.0263316604783,-0.0288745446237,2.04024489976,-0.000157230663903,-0.0264959452698,0.0,484.00748674015136,485.98051440088227,483.8171788161345,484.7353435209648
0.9600000000000005,0.00697488870581,-0.00802793795589,11.036030132,6.27628085385,6.27257621663,0.0,0.0327627761225,-0.033530040743,2.11451239294,0.00656187712576,-0.0183366475365,0.0,432.3587753561879,433.0455409187778,432.5305805772272,433.0960116275973
1.0200000000000005,0.0091686540265,-0.0101841592992,11.1663887109,6.27674262262,6.2719931038,0.0,0.0404440289778,-0.0382978075219,2.23055356284,0.00987335611995,0.00353218829491,0.0,445.3404553596813,447.1256476115093,446.198545382578,446.46867925923385
1.0800000000000005,0.0118260564665,-0.0126131282311,11.3032595922,6.27695684921,6.27227586869,0.0,0.0481083967318,-0.0426206934092,2.33160886702,-0.0136458527234,0.00697519863239,0.0,442.7358924499972,443.01898546947103,442.208194580771,440.2665962053321
1.1400000000000006,0.0149201589502,-0.0152927718971,11.4446655995,6.2758706551,6.27230115449,0.0,0.0550013184882,-0.0467883914682,2.38182079498,-0.0289755365461,-0.0178035094595,0.0,427.7041545485729,425.58863742258393,426.38226220882416,425.07064797829764
1.2000000000000006,0.0184414646963,-0.0182529769714,11.5899270051,6.27403963413,6.27167210837,0.0,0.0624545156346,-0.0520599246093,2.46005818046,-0.0337927736666,0.0011583190989,0.0,435.7824041749008,437.3645875293657,434.5827520907989,434.1784575915564
1.2600000000000007,0.0224031354527,-0.0215535289151,11.7385110022,6.2725052764,6.27151567571,0.0,0.0696030379504,-0.0581183211357,2.49266908865,-0.0128051157824,-0.0114671329725,0.0,421.9347994198254,420.8434651695785,419.7130488956328,421.53035303400424
1.3200000000000007,0.0268496458926,-0.0252887200943,11.8933254762,6.27161743576,6.27071720878,0.0,0.07869296674,-0.066477078023,2.66741985683,-0.0191132503326,-0.0172695567105,0.0,465.5524930865984,465.098401125046,466.5724892729879,466.07986064818147
1.3800000000000008,0.0318102993489,-0.0294996635934,12.0546028777,6.27075442612,6.2697027237,0.0,0.0867564493755,-0.0739790505164,2.70839428633,-0.0062938232295,-0.0161948101086,0.0,424.2770205278545,424.3693506272791,424.73853703756396,425.8366238987847
1.4400000000000008,0.0373407713818,-0.0342367960752,12.2233191058,6.26994189939,6.26937625151,0.0,0.0976552002621,-0.0839812140579,2.91497436798,-0.0348182002458,0.0102422409697,0.0,475.66324987293547,477.68356415366685,476.92706440593287,474.7435196595102
1.5000000000000009,0.04348983378,-0.0395645218025,12.4017496796,6.26742518087,6.270310992,0.0,0.107226345844,-0.0938395424402,3.03240440756,-0.062648224773,0.0245469537697,0.0,449.6354709634227,450.7927766666049,451.8647750214153,449.6145367643022
1.560000000000001,0.0501665838048,-0.0455124469123,12.5853382174,6.26387837089,6.27160153469,0.0,0.11519735288,-0.104769474956,3.08706224142,-0.0528473849262,0.0146112221371,0.0,431.49111458504086,430.65152242888854,431.0778760148532,431.9026856708558
1.620000000000001,0.0573561503244,-0.052282535533,12.7772278035,6.26026783346,6.27228143102,0.0,0.124352987469,-0.121286191152,3.30863478876,-0.0818167953419,0.00379798082082,0.0,484.3518355854986,483.5377887292115,482.2777923266592,480.0821557635245
1.680000000000001,0.0650688544739,-0.0601116930535,12.9812728065,6.25580187181,6.27257235973,0.0,0.132701216379,-0.140205181177,3.49230797516,-0.0627130863202,0.00687184641923,0.0,472.6098287857388,472.8466066739509,472.0430981299813,473.51091099952106
1.740000000000001,0.0733007107522,-0.0692437960929,13.1987915023,6.25232356052,6.27307243119,0.0,0.141627032386,-0.164630648208,3.75746773458,-0.0498679644755,0.011110256743,0.0,497.32340393623554,497.63363381460573,496.6908598830921,497.6300471974545
1.8000000000000012,0.082042538325,-0.0798914785442,13.4310921691,6.24970872131,6.27400345603,0.0,0.149661171394,-0.190604105202,3.98511018745,-0.0332974733394,0.0231270826831,0.0,488.14782690558934,489.04365106837207,487.4660295149418,488.7018266589022
1.8600000000000012,0.0911916434179,-0.0919720709462,13.6715654597,6.24764557387,6.27511065233,0.0,0.155187811058,-0.212267731477,4.03049899491,-0.0366559381687,0.00691650515534,0.0,435.57116701286924,434.2132112113789,434.72102617386525,434.4389712803721
1.9200000000000013,0.100648910679,-0.105366815796,13.9140556232,6.24575177913,6.27515682754,0.0,0.160028720837,-0.234404907564,4.05241908921,-0.02294599664,-0.0158409659208,0.0,427.9731828796097,426.03162263653184,427.39219301860066,428.5587682159307
1.9800000000000013,0.110437915214,-0.120293833249,14.1624239231,6.24465720112,6.27408020337,0.0,0.166380217324,-0.263277041343,4.22588826749,-0.0101928471321,-0.0225208341919,0.0,474.32301608324656,473.80979232255663,474.7673092253827,475.7449247922525
2.0400000000000014,0.12058323811,-0.136767504009,14.4158190872,6.24394594484,6.27333952261,0.0,0.171883167144,-0.285903697134,4.2206294408,-0.0154033035925,0.00270441739714,0.0,418.731944698959,420.9209218398791,420.62968511164627,420.1782786954817
2.1000000000000014,0.13111988811,-0.154831028609,14.6744438212,6.2430172194,6.2746596677,0.0,0.17922989454,-0.316293392549,4.3995158336,-0.0156300876592,0.0454034983736,0.0,476.14603331740386,479.40180034875885,477.232681423364,477.2154871772464
2.1600000000000015,0.142060215803,-0.17475179716,14.9441125837,6.24239304451,6.27693245943,0.0,0.185144167975,-0.347791501168,4.58869729649,-0.00159101719136,0.0152700555798,0.0,483.6523370973576,481.3777724487116,480.6510690436967,481.7140714401974
2.2200000000000015,0.153288732863,-0.196432626082,15.2216679211,6.24227623118,6.27808481152,0.0,0.189034807589,-0.374902406516,4.66284357996,-0.00266835974922,0.0260996299561,0.0,448.8508649999721,449.7289394585923,448.26053148706126,448.1730069354278
2.2800000000000016,0.164725662526,-0.219748696883,15.5038333851,6.2428128544,6.28013880107,0.0,0.192011050166,-0.402263259957,4.74234363426,0.0255383284419,0.0468940504466,0.0,450.22059171442277,451.90054307159306,449.90473476470396,452.1829502200679
2.3400000000000016,0.176288653286,-0.244583798855,15.7881027641,6.24430983299,8.95347234326e-05,0.0,0.193163773577,-0.425447622726,4.73334513818,0.0237456486114,0.0612846472964,0.0,423.04932510646506,424.28867103202924,423.20885881592477,423.05464075347584
2.4000000000000017,0.187860338381,-0.27094869977,16.0760769479,6.24581958131,0.00361282936601,0.0,0.192173251716,-0.453207402042,4.86524711622,0.0278550462819,0.0530299399626,0.0,467.30731946709807,466.6655580701569,468.06598595592413,468.38579155041873
2.4600000000000017,0.19930501533,-0.298882716392,16.3702527031,6.24710725603,0.00633097761522,0.0,0.189018093983,-0.477767731356,4.94029424433,0.00388820637405,0.0216450727896,0.0,451.7900133532667,449.2531141573935,453.2366989049074,451.3061242523511
2.520000000000002,0.210534169241,-0.328154080734,16.6656978225,6.24701737632,0.00790019834525,0.0,0.185166514649,-0.497943575537,4.90801356666,-0.0153579086698,0.0339151308808,0.0,416.1108507744433,417.183955175233,419.15163765991343,417.4754539969796
2.580000000000002,0.221446850338,-0.358890053128,16.9660498409,6.24632873756,0.010248917525,0.0,0.178339865362,-0.526652251816,5.10286078134,-0.00466837173204,0.047959672861,0.0,486.9164630145664,487.96673502463346,487.21249921080755,488.0112716197422
2.640000000000002,0.231948336475,-0.391166461534,17.2728032603,6.24684581461,0.012920840878,0.0,0.171458878333,-0.549209732445,5.12216358602,0.0268912030439,0.0366046232642,0.0,436.6456447073054,435.69834068830687,434.5201656959655,437.1582420312717
2.700000000000002,0.241992942942,-0.424775354651,17.5805225727,6.24822991993,0.0149110042139,0.0,0.163174217422,-0.570954117083,5.13509162527,0.014049559948,0.0252204399395,0.0,434.50801872684457,433.55288158819053,434.78258437355026,433.7052451636672
2.760000000000002,0.251509877683,-0.459660250605,17.8888143569,6.24890062319,0.0161723840135,0.0,0.153933734937,-0.591811286256,5.14127263248,0.00470902994673,0.0109262721363,0.0,433.3856499760012,432.18234934410987,431.7628469089311,430.9738485846563
2.820000000000002,0.260414186553,-0.495867372929,18.199816963,6.24896002647,0.016304413148,0.0,0.142831872952,-0.615064915264,5.22509694767,-0.00774002798596,-0.0276587501816,0.0,458.39893394163414,455.32201082696145,456.89584874449235,455.90209473272466
2.880000000000002,0.268650943213,-0.533488970174,18.5163519567,6.24801229401,0.0143330752583,0.0,0.131918338593,-0.639037736616,5.32559873358,-0.0412785899657,-0.0460724073835,0.0,462.999804859715,461.54817652520296,464.05637149031224,461.41579979442105
2.940000000000002,0.276273948082,-0.572588258852,18.8392320373,6.2452209692,0.0113377363773,0.0,0.122488093403,-0.664524005632,5.43652940063,-0.0598922560045,-0.0590150219793,0.0,467.0541016116836,466.04194399855214,467.41701843543274,465.9626727670121
3.000000000000002,0.283393550389,-0.61329361943,19.1691216265,6.241565927,0.00785115857591,0.0,0.115210434368,-0.6926800722,5.55917237664,-0.0630497428906,-0.056358404114,0.0,470.13141557262344,470.33510235710366,472.32368233071713,472.07766267553154
3.0600000000000023,0.290167202351,-0.655668699855,19.5040694015,6.23718242627,0.0046780258569,0.0,0.110888818261,-0.720168786656,5.60549638631,-0.12305457644,-0.0467169158796,0.0,447.8693445883511,448.65114200833915,452.5944536922869,447.7322637630209
3.1200000000000023,0.296745295128,-0.699735958345,19.8406416472,6.22979512425,0.00183440793732,0.0,0.108631951557,-0.74938698643,5.6134827216,-0.123256151788,-0.0487821543332,0.0,437.5050384929001,437.33162680488675,437.9035610247449,437.8728056639693
3.1800000000000024,0.303233172046,-0.745959167425,20.182632178,6.22238253616,6.28193401998,0.0,0.107970678758,-0.792169370325,5.78526883427,-0.124122781825,-0.0573268298224,0.0,487.88579224929725,487.2458487686754,487.62449588348574,487.5473819839722
3.2400000000000024,0.309747093245,-0.794681439613,20.531112943,6.2149943897,6.27825166088,0.0,0.109493695049,-0.832585001552,5.83044991805,-0.121233268514,-0.0710234383083,0.0,451.92950776896066,450.8212583443839,451.65891493957014,451.8784695813661
3.3000000000000025,0.316424299765,-0.845953484108,20.8820818523,6.20781326706,6.27401783282,0.0,0.113474194579,-0.877137129889,5.86823553642,-0.116759299726,-0.0696604914572,0.0,449.8928288845917,449.9994520348657,449.699971840305,450.04957768158306
3.3600000000000025,0.323428632628,-0.900107207206,21.2362776754,6.20039017639,6.27059737938,0.0,0.120363945641,-0.928653678254,5.93783483458,-0.14363821624,-0.0393609680699,0.0,459.03966574995763,461.43582428043624,461.4824091561542,459.341568660554
3.4200000000000026,0.330865576394,-0.957230008275,21.5913966987,6.19224180668,6.2688305557,0.0,0.127701132506,-0.976133774989,5.89956313635,-0.123527528129,-0.0146931419103,0.0,426.4422192314104,428.5442051844824,425.8148131778304,427.5139184255846
3.4800000000000026,0.338800550244,-1.01753957559,21.9464388138,6.18466256032,6.26804834239,0.0,0.136871612185,-1.03485734448,5.93487755374,-0.132584614024,-0.00991472645506,0.0,450.28381547733085,450.67040719702993,450.9054328983681,450.15863476990086
3.5400000000000027,0.347318302573,-1.08164076702,22.3048237656,6.17631501459,6.26766198521,0.0,0.147094157979,-1.10260210001,6.01075181838,-0.157265015316,-0.000264258122672,0.0,463.94334719507737,464.7006885098756,463.9476717631472,461.9878008116132
3.6000000000000028,0.356411880978,-1.14968264314,22.6650258546,6.16684485709,6.26838930928,0.0,0.155988392307,-1.16626711607,5.99591338703,-0.159001449681,0.0295082047977,0.0,435.0238009928323,437.51019408550707,436.48382677880466,436.314732233246
3.660000000000003,0.366038989057,-1.22184950983,23.0255122777,6.15736359627,6.27010708914,0.0,0.164752318836,-1.24013701267,6.02000131722,-0.156131304977,0.0268123049956,0.0,449.3709756939507,449.1525607830397,448.492034141592,448.7017146384247
3.720000000000003,0.376133093816,-1.2983530811,23.3853196626,6.14755156049,6.27207688859,0.0,0.171572666176,-1.31077243142,5.9736521022,-0.185499374684,0.0427472723221,0.0,425.8207355602485,427.1824748884989,428.40696762470196,425.87427520659924
3.780000000000003,0.386597884109,-1.37922003763,23.7420335914,6.13639046289,6.27409778487,0.0,0.177061023166,-1.38570381609,5.91690376406,-0.187075175858,0.0011024182918,0.0,425.2819995242102,421.69949909068896,423.0647989065937,422.89355404377
3.840000000000003,0.397377175537,-1.46492593962,24.0964154862,6.12566287453,6.27376650629,0.0,0.182255365861,-1.47208526208,5.89569774544,-0.165964282177,-0.024034965002,0.0,436.0931098046319,433.9879097628562,433.7307770575571,435.46845449821984
3.900000000000003,0.408512427459,-1.55655771801,24.4529989786,6.11555613511,6.27278879318,0.0,0.189034262051,-1.58322861652,5.98963891548,-0.173929669888,-0.00412114320093,0.0,471.170633907887,472.7080423769457,470.8372955841333,470.19500869231257
3.960000000000003,0.420079048964,-1.65520394636,24.8159758213,6.10492026656,6.27256608356,0.0,0.196536308668,-1.70595605015,6.10862110351,-0.184931956079,-0.00290545654158,0.0,478.45563703001807,478.5482737989136,482.55107251679294,481.69191000691836
4.020000000000002,0.432045296421,-1.76051699319,25.1809696686,6.09442492065,6.27204709349,0.0,0.202365042951,-1.80536929497,6.0578180852,-0.160076324776,-0.0237644796793,0.0,429.9875415501842,428.2164624030347,428.01106570106236,430.0904899996021
4.080000000000001,0.444360863937,-1.8717636438,25.5418531923,6.08462575066,6.27132279985,0.0,0.208234069053,-1.90364906863,5.97180711701,-0.170744538218,0.00460614545271,0.0,415.5554845916563,418.0356463012864,418.1444122208254,417.18633536698775
4.14,0.457056477961,-1.98941110957,25.8992788378,6.07454151439,6.27140843154,0.0,0.214936474749,-2.0187881645,5.94219781779,-0.163203683888,-0.00584071050034,0.0,436.0183428107088,435.1444735807501,435.77508414150503,436.37745294530066
4.199999999999998,0.470220551426,-2.11529939152,26.2603298003,6.06433654666,6.27087534427,0.0,0.223901909381,-2.1783751625,6.09158369135,-0.18963956964,-0.0157995658801,0.0,492.29105150317605,491.55358744682457,492.3709913778154,490.3855213634368
4.259999999999997,0.483865561839,-2.24974532685,26.6247093204,6.05262663839,6.26996728815,0.0,0.231009339838,-2.304112518,6.05417546252,-0.209472108405,-0.0138358629038,0.0,436.80363086882306,436.96749933127865,436.68415546242693,434.9876731029613
4.319999999999996,0.4979477106,-2.39188138204,26.9865701008,6.04084608183,6.27013695226,0.0,0.238412920003,-2.43475270153,6.0076341085,-0.178244846995,0.0241386516548,0.0,432.48841264044677,435.67589154575643,432.38954306736315,434.97316104386204
4.379999999999995,0.512468225373,-2.54210132744,27.3458115954,6.02956976277,6.27142655278,0.0,0.245487798845,-2.57347569459,5.96683191519,-0.227442326647,0.0155949864427,0.0,436.50733633932884,435.7936207902444,438.4373282491725,434.2914847994241
4.439999999999993,0.527405978076,-2.70113262731,27.7036545868,6.01632235448,6.2720984483,0.0,0.252359939167,-2.72868304761,5.96069556324,-0.210033250074,0.000507980432003,0.0,448.60186654734565,447.37472221474417,447.94903275426094,449.314710604789
4.499999999999992,0.542733144428,-2.86938262137,28.0598789816,6.00396918934,6.27197121023,0.0,0.258548175806,-2.88066882036,5.91311492921,-0.198679258461,-0.007978431924,0.0,435.6988983449645,434.9886780239261,436.03367314834674,436.9387840539368
4.559999999999991,0.558474153069,-3.04791161398,28.4164935654,5.99256719159,6.2713243623,0.0,0.266199470061,-3.0712551172,5.97301386336,-0.176766348514,-0.0170751155967,0.0,471.9535396922742,471.2508828529674,470.19330074432577,471.8548700517778
4.6199999999999894,0.574673859842,-3.23775025469,28.7754660774,5.98155449068,6.27092045068,0.0,0.273846656622,-3.25757083683,5.99194583237,-0.202664948862,0.00850300162204,0.0,459.23846220012393,461.26339602715865,461.90174384716755,459.82217673880785
4.679999999999988,0.591323643238,-3.43869396525,29.134583337,5.96913937095,6.27121125793,0.0,0.28110429301,-3.44154339302,5.97795005955,-0.217160015119,-0.00370883899322,0.0,451.9530372115926,450.9673931148057,452.5784260969631,451.3683367600503
4.739999999999987,0.608485629207,-3.65296586889,29.4990877162,5.95616843764,6.27071521385,0.0,0.29098231729,-3.70187811785,6.17006211233,-0.214298358412,-0.0194495410925,0.0,516.9889225758237,515.8785449537672,515.8763944228558,516.0393884560583
4.799999999999986,0.626230183191,-3.88249436658,29.8730292618,5.94345571842,6.26953070862,0.0,0.300616772178,-3.95003839807,6.29288385419,-0.20743946227,-0.0203326353103,0.0,500.01347846474425,499.9492077243036,500.09899512129493,500.55966407556497
4.859999999999984,0.644532859596,-4.12605844189,30.2510467224,5.93078920753,6.26825076202,0.0,0.309581496873,-4.16971816554,6.3066123377,-0.219680769194,-0.0234108321999,0.0,470.8752904994142,470.6370669354598,470.22137467260825,469.2303540410162
4.919999999999983,0.663329374835,-4.38146179111,30.625513904,5.91750782692,6.26653970866,0.0,0.31708411489,-4.34478208567,6.17548305505,-0.224930568557,-0.0414367282657,0.0,424.25960465511054,422.7082463193696,424.99496389287503,424.49352569494266
4.979999999999982,0.682647526295,-4.64847951294,30.9944015723,5.90393270763,6.26405003245,0.0,0.327060695251,-4.55683943774,6.12000449837,-0.22902958667,-0.0416105739691,0.0,450.27646681276866,450.26150837709065,451.193066905856,450.8118729531827
5.0399999999999805,0.70259864063,-4.92828906354,31.3594512068,5.89006371022,6.26126484528,0.0,0.338188465922,-4.77118987802,6.04758776104,-0.235759269557,-0.0583772451536,0.0,447.5472656772659,446.1787554633396,446.85989803533533,446.2578324110181
